fp64
 32 33554432 140034.198 142125.31 143456.379 14.969593286611536 15.109790423676122 15.335422908624079 0.935599580413221 0.9443619014797576 0.9584639317890049
 64 16777216 71169.212 72031.258 72033.895 29.812127304791726 29.8132187001371 30.174335048138516 1.863257956549483 1.8633261687585687 1.8858959405086573
 96 8388608 35648.705 36011.718 36032.714 44.69862403370448 44.7246847817702 45.180119053413016 2.79366400210653 2.7952927988606375 2.8237574408383135
 128 8388608 38054.015 40026.493 40047.688 53.623161666661005 53.651556432885585 56.43251173365019 3.351447604166313 3.353222277055349 3.5270319833531367
 160 4194304 20594.423 21748.848 24023.927 55.868354911334855 61.712568868015445 65.17188075626105 3.4917721819584284 3.8570355542509653 4.073242547266315
 192 4194304 18979.317 20004.499 20635.76 78.04959623488546 80.51252550738712 84.86146977786397 4.878099764680341 5.032032844211695 5.303841861116498
 224 4194304 18834.125 20597.734 22110.749 84.98347079965495 91.22596650680119 99.76827657244496 5.3114669249784345 5.701622906675074 6.23551728577781
 256 4194304 20066.478 24011.997 24419.702 87.94061647435338 89.43377962274442 107.01846372841314 5.496288529647086 5.5896112264215265 6.688653983025821
 288 2097152 15852.89 16595.33 16864.07 71.62918275362946 72.78912513339596 76.19806558930264 4.4768239221018415 4.549320320837247 4.762379099331415
 320 2097152 14462.198 16468.83 16839.559 79.70382597311486 81.4980347723548 92.80589852247908 4.981489123319679 5.093627173272175 5.800368657654943
 352 2097152 15848.692 16236.849 16731.89 88.23838837094912 90.92866528474828 93.15563757564347 5.51489927318432 5.683041580296767 5.822227348477717
 384 2097152 14264.397 14561.243 16441.583 97.95971203016158 110.60956375770942 112.91137900887081 6.122482001885099 6.913097734856839 7.056961188054426
 416 2097152 16830.837 17217.381 17931.986 97.30268939536313 101.34122396431839 103.66866864672268 6.081418087210196 6.333826497769899 6.4792917904201675
 448 2097152 15070.352 15754.047 17956.351 104.6453253225001 119.27399937298651 124.68508977096221 6.540332832656256 7.454624960811657 7.792818110685138
 480 2097152 14779.587 16575.157 18394.966 109.44656924073684 121.46285673191511 136.21936255728932 6.840410577546052 7.591428545744694 8.513710159830582
 512 2097152 15767.374 17587.26 18108.317 118.59101251651384 122.10450337346468 136.1979266807523 7.411938282282115 7.6315314608415425 8.512370417547018
 544 1048576 13084.881 15492.387 20210.52 56.448358973445515 73.63943903544367 87.18846491611197 3.5280224358403447 4.6024649397152295 5.449279057256998
 576 1048576 12278.311 14392.977 15332.855 78.7824284518441 83.9270119030969 98.38157316588575 4.923901778240256 5.245438243943556 6.14884832286786
 608 1048576 12795.737 13107.593 14633.957 87.13080242069866 97.27708329057822 99.64790742416791 5.445675151293666 6.079817705661139 6.2279942140104945
 640 1048576 11712.814 13930.166 19065.87 70.39685469375382 96.35041535039856 114.59050574866126 4.399803418359614 6.02190095939991 7.161906609291329
 704 1048576 12634.502 13006.63 13792.304 107.04484239906544 113.51095618157815 116.8542304239613 6.69030264994159 7.0944347613486345 7.303389401497581
 768 1048576 14266.46 15048.592 15149.436 106.3150295496149 107.02747047697218 112.89505147037177 6.644689346850932 6.6892169048107615 7.0559407168982355
 832 1048576 12193.085 13663.144 14759.134 118.2203823069836 127.7034380959463 143.10000004100687 7.388773894186475 7.9814648809966435 8.943750002562929
 896 1048576 12335.539 12362.721 13497.129 139.21836206796274 151.9930921356229 152.32801679764458 8.701147629247671 9.499568258476431 9.520501049852786
 960 1048576 13692.681 13995.424 16237.155 123.99129773658008 143.85172753608606 147.03226636186147 7.749456108536255 8.990732971005379 9.189516647616342
 1056 524288 12136.645 13643.76 19269.465 57.46377784749083 81.15770550053651 91.23577858625674 3.591486115468177 5.072356593783532 5.702236161641046
 1152 524288 11739.601 13543.158 14211.18 85.00065103671898 89.19334412254513 102.89613352276622 5.312540689794936 5.5745840076590705 6.431008345172889
 1248 524288 12230.868 13654.9 14462.968 90.48093365068635 95.83540326183275 106.99345688302742 5.655058353167897 5.989712703864547 6.687091055189214
 1344 524288 13582.822 13984.282 14066.55 100.18704970301887 100.77643914789476 103.75503293792704 6.2616906064386795 6.298527446743423 6.48468955862044
 1472 524288 12725.965 13853.501 13989.76 110.33097579944187 111.41615913551382 121.2877665465841 6.895685987465117 6.963509945969614 7.580485409161506
 1600 524288 11871.656 12493.971 15465.232 108.48344208480027 134.28249513305258 141.32161511418457 6.780215130300017 8.392655945815786 8.832600944636535
 1760 524288 13128.359 15314.359 16228.114 113.72201107288255 120.50741137777952 140.5730723847512 7.1076256920551595 7.53171321111122 8.78581702404695
 1920 524288 13249.484 14593.315 14614.437 137.7587053131092 137.95809382583735 151.95051520496946 8.609919082069325 8.622380864114835 9.496907200310591
 2112 262144 11310.434 13450.199 14677.71 75.44066860566124 82.32564112991933 97.90042150460363 4.715041787853828 5.145352570619958 6.118776344037727
 2304 262144 12070.873 12972.567 20154.772 59.93417102411279 93.1164627633066 100.07226088784134 3.7458856890070495 5.8197789227066625 6.254516305490084
 2528 262144 13107.299 13936.706 14935.686 88.74048798294234 95.10138651127463 101.11923623623754 5.546280498933896 5.943836656954664 6.319952264764846
 2752 262144 12942.788 13466.666 14096.573 102.35399596767242 107.14163223473429 111.47834423309723 6.397124747979526 6.696352014670893 6.967396514568577
 3008 262144 13024.623 14658.574 15159.328 104.03220406603775 107.58606560228846 121.08283702338257 6.502012754127359 6.724129100143029 7.56767731396141
 3296 262144 11643.38 12913.664 15167.468 113.93155719860427 133.81587502973593 148.41508634090786 7.120722324912767 8.363492189358496 9.275942896306741
 3616 262144 14369.501 14507.881 14766.536 128.38660387243155 130.675555444658 131.93397655214332 8.024162742026972 8.167222215291124 8.245873534508958
 3968 262144 12949.059 13778.503 16146.243 128.84574968926208 150.98699648285447 160.6583755622706 8.05285935557888 9.436687280178404 10.041148472641913
 4352 131072 12036.79 12042.457 14520.321 78.56924705727924 94.73570783769459 94.78031003282436 4.910577941079953 5.920981739855912 5.9237693770515225
 4768 131072 12665.452 12945.737 14917.421 83.78811538536051 96.54935767658498 98.68598388750753 5.236757211585032 6.034334854786561 6.167873992969221
 5216 131072 13001.007 13688.129 20742.528 65.91979068317998 99.89262257829392 105.17209197718299 4.119986917698749 6.24328891114337 6.573255748573937
 5728 131072 13449.291 13567.177 13928.416 107.80557042523716 110.6759963402851 111.64609584252435 6.737848151577323 6.9172497712678185 6.977880990157772
 6272 131072 12089.844 14099.256 14410.172 114.09767822341051 116.61375380374682 135.99573063142918 7.131104888963157 7.288359612734176 8.499733164464324
 6880 131072 13528.834 14165.608 14735.811 122.39236238846983 127.31897706049752 133.31161576821773 7.649522649279365 7.957436066281095 8.331975985513608
 7552 131072 14792.78 15023.284 15631.88 126.64577056630424 131.77621404214952 133.82957686114443 7.915360660394015 8.236013377634345 8.364348553821527
 8288 65536 10696.47 11533.266 14152.733 76.75724088061294 94.19055591018189 101.55918129999897 4.797327555038309 5.886909744386368 6.3474488312499355
 9088 65536 13055.203 14222.181 17841.885 66.7632560124673 83.75525075935963 91.24196199783336 4.172703500779206 5.234703172459977 5.702622624864585
 9984 65536 10928.463 12285.522 13205.916 99.09368255863508 106.51748033172704 119.74445519008484 6.1933551599146925 6.65734252073294 7.484028449380302
 10976 65536 11032.785 13396.014 14789.724 97.27336845501647 107.39360768061306 130.39738125958223 6.079585528438529 6.712100480038316 8.14983632872389
 12064 65536 12998.963 13226.695 14538.655 108.76195961730984 119.55009229440914 121.64451948974698 6.797622476081865 7.471880768400571 7.6027824681091865
 13248 65536 12777.475 13918.64 14305.766 121.38055774154282 124.75657506767902 135.89866980761064 7.586284858846426 7.797285941729939 8.493666862975665
 14560 65536 12565.344 13569.14 14915.325 127.9494962396059 140.64327731897527 151.8787165715479 7.996843514975369 8.790204832435954 9.492419785721744
 16000 65536 11694.17 12664.749 14441.222 145.219843583874 165.58970098815223 179.3331206917635 9.076240223992125 10.349356311759514 11.208320043235219
 17600 32768 11277.837 13676.816 13718.641 84.07783249084221 84.33495047385297 102.27436342624921 5.254864530677638 5.270934404615811 6.392147714140576
 19360 32768 10684.625 12491.726 13050.318 97.22191903676217 101.56938760904619 118.74791674953497 6.076369939797636 6.348086725565387 7.421744796845935
 21280 32768 11843.502 12340.551 14158.817 98.49735892483109 113.01003334454029 117.75284708863983 6.156084932801943 7.063127084033768 7.359552943039989
 23392 32768 11406.267 12097.87 13757.791 111.42908857970004 126.71801829578264 134.4013875880689 6.964318036231252 7.919876143486415 8.400086724254306
 25728 32768 12752.05 14465.556 19436.871 86.74802688148726 116.56034569289974 132.22267854972338 5.421751680092954 7.285021605806234 8.263917409357711
 28288 32768 12578.469 13056.793 14697.488 126.13600147181614 141.9860426675984 147.38537480197314 7.883500091988509 8.8741276667249 9.211585925123321
 31104 32768 12000.713 13014.252 14263.516 142.9122906301644 156.6307263759761 169.85921953137284 8.932018164385275 9.789420398498507 10.616201220710803
 34208 16384 10767.091 12759.556 15388.625 72.84131909121186 87.8500587324512 104.10683294122803 4.552582443200741 5.4906286707782 6.506677058826752
 37600 16384 10748.377 13574.136 15719.452 78.37911906852733 90.76649887698193 114.62910167739743 4.898694941782958 5.6729061798113705 7.164318854837339
 41344 16384 11007.544 11825.923 12192.779 111.11168274271189 114.55851623589973 123.07560996349414 6.944480171419493 7.159907264743733 7.692225622718384
 45472 16384 11439.961 13708.671 14273.552 104.39072881088043 108.69226462579779 130.24751535429186 6.524420550680027 6.793266539112362 8.140469709643241
 50016 16384 11368.782 12320.565 12596.574 130.10873337464614 133.0234683230842 144.16005936255968 8.131795835915383 8.313966770192762 9.01000371015998
 55008 16384 11204.461 13659.893 13919.2 129.49753893901948 131.95580258205536 160.87361489321086 8.093596183688717 8.24723766137846 10.054600930825679
 60480 16384 14375.467 14658.643 14876.195 133.22013055085657 135.19727849296825 137.86047020246366 8.326258159428535 8.449829905810516 8.616279387653979
 66528 8192 10249.898 10485.293 19208.033 56.74681795892375 103.95462978478523 106.34200964731552 3.5466761224327343 6.497164361549077 6.64637560295722
 73152 8192 11520.89 12501.828 13443.706 89.15118851899915 95.8677697373536 104.03036293203043 5.571949282437447 5.9917356085846 6.501897683251902
 80448 8192 11813.029 12699.356 13049.535 101.00436774183908 103.78951751569134 111.57680489906525 6.312772983864942 6.486844844730709 6.973550306191578
 88480 8192 11458.066 12046.596 13413.182 108.07698874137397 120.33742311936086 126.51841244412451 6.754811796335873 7.521088944960054 7.907400777757782
 97312 8192 11890.927 13858.23 20885.977 76.33637669906464 115.04786744050288 134.0820449070119 4.77102354369154 7.19049171503143 8.380127806688243
 107040 8192 11761.496 14535.826 14811.381 118.40512103496629 120.64972159132891 149.10886846367163 7.400320064685393 7.540607599458057 9.319304278979477
 117728 8192 12309.236 13012.92 14831.694 130.04957842307155 148.22618997119784 156.69985952011967 8.128098651441972 9.264136873199865 9.79374122000748
 129472 8192 13138.59 14073.85 14100.978 150.4341931460357 150.7241620452115 161.45334073138744 9.402137071627232 9.420260127825719 10.090833795711715
 142400 4096 12239.356 14089.325 14753.509 79.06870155432175 82.79607433287256 95.31063562494627 4.941793847145109 5.174754645804535 5.956914726559142
 156640 4096 12859.917 13075.146 13951.041 91.97843229046492 98.14000394335939 99.78251648124944 5.748652018154058 6.133750246459962 6.23640728007809
 172288 4096 12468.962 12862.165 14982.415 94.2026566478101 109.73139405380041 113.19172325651485 5.887666040488131 6.858212128362526 7.074482703532178
 189504 4096 14152.612 15714.294 20875.815 74.36436699597118 98.79010587430781 109.69118407259383 4.647772937248199 6.174381617144238 6.855699004537114
 208448 4096 12947.599 12998.386 14620.12 116.79835842660661 131.37061909070863 131.88592077959783 7.299897401662913 8.21066369316929 8.242870048724864
 229280 4096 13342.309 13533.606 15101.69 124.37427599162741 138.7850185678525 140.77486587966146 7.773392249476713 8.67406366049078 8.798429117478841
 252192 4096 15325.496 16145.856 16195.689 127.56214718620492 127.95585839487234 134.80522026823797 7.972634199137808 7.997241149679521 8.425326266764873
 277408 2048 11890.505 14367.499 14775.535 76.90165993989389 79.08566188172345 95.56054751249 4.806353746243368 4.942853867607716 5.972534219530625
 305120 2048 12570.366 14572.401 14984.333 83.40521530054089 85.7629103124461 99.4220470589321 5.2128259562838055 5.360181894527881 6.213877941183256
 335616 2048 14970.132 15100.841 17441.677 78.81599550318471 91.0335481315246 91.82839109234308 4.925999718949044 5.689596758220287 5.739274443271443
 369152 2048 12143.402 15110.715 15440.789 97.92547466324422 100.06452983859465 124.51589694551824 6.1203421664527635 6.254033114912166 7.78224355909489
 406048 2048 12269.743 12291.328 14300.97 116.29788804535637 135.31268614750172 135.5507289761489 7.268618002834773 8.457042884218858 8.471920561009306
 446624 2048 14384.023 16664.385 18429.029 99.26577813730718 109.77734275822363 127.1808244466795 6.204111133581699 6.861083922388977 7.948801527917468
 491264 2048 13072.396 19119.156 23508.904 85.59383899819406 105.24613868938567 153.9287322691265 5.349614937387129 6.577883668086605 9.620545766820406
 540384 1024 13276.752 14250.031 22933.738 48.25669640073502 77.6634403111123 83.35671495558552 3.0160435250459385 4.8539650194445185 5.209794684724095
 594400 1024 11460.445 11527.418 13880.99 87.69772184836961 105.60311077467652 106.22023839388436 5.481107615523101 6.600194423417283 6.638764899617772
 653824 1024 13316.089 14424.572 15001.942 89.25721429932206 92.82989831518051 100.55741982499516 5.578575893707629 5.801868644698782 6.284838739062198
 719200 1024 12468.537 13444.255 15577.031 94.5572747463878 109.55769583364791 118.1310686249718 5.909829671649238 6.8473559896029945 7.383191789060738
 791104 1024 12564.128 12848.241 14286.927 113.40304265570897 126.10138555153193 128.95291993204782 7.087690165981811 7.881336596970746 8.059557495752989
 870208 1024 13913.591 15415.998 15670.983 113.72521966235303 115.60626720371916 128.08957687487003 7.107826228897064 7.225391700232447 8.005598554679377
 957216 1024 13136.811 15367.487 16676.133 117.55593266136698 127.56661957807415 149.22787334003664 7.347245791335436 7.972913723629635 9.32674208375229
 1052928 512 11449.784 13934.999 15088.557 71.45801099468956 77.37340146203097 94.16756438374733 4.466125687168097 4.835837591376936 5.885472773984208
 1158208 512 13185.836 14732.054 15287.808 77.57848554874576 80.50506684268196 89.94537714559775 4.84865534679661 5.031566677667622 5.621586071599859
 1274016 512 12702.322 13835.508 15490.507 84.21883053924576 94.29305985728894 102.7050317256955 5.26367690870286 5.893316241080559 6.419064482855969
 1401408 512 12626.858 13376.121 15656.146 91.65996484703196 107.28385247113121 113.64995092207421 5.728747802939497 6.705240779445701 7.103121932629638
 1541536 512 12945.337 13730.641 14884.62 106.05127064043288 114.96425141404542 121.9383368698706 6.628204415027055 7.185265713377839 7.621146054366912
 1695680 512 13387.449 13588.018 15002.484 115.73925491271979 127.78731379366732 129.70180652042072 7.233703432044987 7.986707112104208 8.106362907526295
 1865248 512 14412.273 14932.892 14992.502 127.39794545300043 127.9065000938867 132.5269062000144 7.962371590812527 7.994156255867919 8.2829316375009
 2051744 512 14033.95 15732.145 17182.561 122.27431382318385 133.54732339423518 149.70737789432056 7.64214461394899 8.346707712139699 9.356711118395035
 2256896 256 11746.668 12128.748 13865.525 83.33840601059102 95.27205545040593 98.37093820988215 5.2086503756619384 5.954503465650371 6.148183638117635
 2482560 256 13444.716 15026.618 15700.769 80.95595317656097 84.58794387399746 94.54054068527739 5.0597470735350605 5.286746492124841 5.908783792829837
 2730816 256 12952.255 13160.549 14459.151 96.69847088532377 106.24008101789674 107.94859983840652 6.043654430332736 6.640005063618546 6.746787489900408
 3003872 256 13123.815 13237.054 15558.209 98.85343897874105 116.18767015681888 117.19019690539679 6.178339936171316 7.26172938480118 7.324387306587299
 3304256 256 13828.607 14130.193 16398.505 103.16666501001158 119.72795219428356 122.33908100794245 6.447916563125724 7.4829970121427225 7.646192562996403
 3634656 256 13477.299 13602.439 15379.298 121.00317400703204 136.80957304789237 138.07988321695615 7.562698375439503 8.550598315493273 8.62999270105976
 3998112 256 15004.558 15858.26 16002.634 127.91852541275391 129.08309890240164 136.42743385043397 7.994907838297119 8.067693681400103 8.526714615652123
 4397920 128 11959.825 12089.714 12181.428 92.4249209534383 93.12606733294103 94.13745769691445 5.776557559589894 5.820379208308815 5.883591106057153
 4837696 128 12712.563 13348.022 16173.042 76.57496814761255 92.78155040499632 97.41939339848305 4.7859355092257845 5.79884690031227 6.088712087405191
 5321440 128 12778.674 14708.55 15851.58 85.94024318080595 92.61882646487928 106.60641628388048 5.371265198800372 5.788676654054955 6.66290101774253
 5853568 128 13373.005 14099.484 18241.474 82.14870179898841 106.28143611496704 112.05509965785552 5.134293862436776 6.64258975718544 7.00344372861597
 6438912 128 16286.826 16455.052 16502.45 99.88586373538473 100.17358024757381 101.20826930919505 6.242866483461546 6.260848765473363 6.32551683182469
 7082784 128 13791.72 17064.742 23075.797 78.5755180633631 106.25374259980023 131.46965744664192 4.910969878960194 6.640858912487515 8.21685359041512
 7791040 128 16086.445 17946.891 26819.636 74.36738664163825 111.13380250651771 123.98676276828098 4.6479616651023905 6.945862656657357 7.749172673017561
 8570144 64 14626.336 15043.67 15394.955 71.2557088994414 72.91960219813383 75.00022097126718 4.453481806215088 4.557475137383364 4.687513810704199
 9427136 64 14576.016 15748.262 17308.515 69.71559420319998 76.62263988242005 82.78485753583146 4.357224637699999 4.788914992651253 5.1740535959894665
 10369824 64 15296.705 16240.037 18359.999 72.29507321868591 81.73241674264659 86.77277047573317 4.51844207616787 5.108276046415412 5.423298154733323
 11406784 64 16053.618 16977.964 20235.28 72.15459099157512 85.99784709167717 90.94948889403 4.509661936973445 5.374865443229823 5.684343055876875
 12547456 64 18049.42 21144.169 30258.464 53.078516080657636 75.95826385988497 88.98204861984486 3.3174072550411022 4.74739149124281 5.561378038740304
 13802176 64 20027.945 21567.852 24453.456 72.24657847954089 81.91258582449471 88.21067403570362 4.515411154971305 5.1195366140309195 5.513167127231476
 15182368 64 20002.021 24006.937 28003.862 69.3955392295534 80.94923163250688 97.15733745105057 4.337221201847088 5.05932697703168 6.07233359069066
 16700576 64 28016.189 32004.382 32005.267 66.79131056772626 66.7931575119932 76.3013744660275 4.174456910482891 4.174572344499575 4.7688359041267185
 18370624 32 20024.78 21034.711 21960.954 53.536833418074636 55.894275704572316 58.71325108190951 3.3460520886296647 3.4933922315357697 3.6695781926193445
 20207680 32 20068.406 24005.669 24015.003 53.853481509038325 53.87442107945419 64.44415764759792 3.3658425943148953 3.3671513174658867 4.02775985297487
 22228448 32 24006.589 28002.836 28017.137 50.77680392539752 50.80273555149915 59.259592106150535 3.173550245337345 3.1751709719686967 3.7037245066344084
 24451264 32 28004.09 28011.426 32006.549 48.89252183982722 55.8658061892315 55.88044089274103 3.055782614989201 3.4916128868269687 3.4925275557963142
 26896384 32 28003.367 32003.236 32022.197 53.75548017520471 53.787328756379516 61.47005736845859 3.3597175109502944 3.3617080472737197 3.841878585528662
 29586016 32 36006.411 36023.435 44008.406 43.025985172014636 52.56314463071054 52.58799673202641 2.6891240732509147 3.2851965394194087 3.2867497957516507
 32544608 32 40001.139 40245.123 44000.24 47.33735343261765 51.75421906400933 52.06989010987912 2.958584589538603 3.234638691500583 3.254368131867445
 35799040 16 23997.552 24017.361 24333.599 47.077675604007446 47.69755011801671 47.736922499428275 2.9423547252504654 2.981096882376044 2.983557656214267
 39378944 16 24001.912 24002.977 28005.508 44.995656140213555 52.4987466346362 52.50107608093888 2.812228508763347 3.2811716646647624 3.28131725505868
 43316832 16 28004.839 28005.56 32003.233 43.31245608842082 49.495122539952774 49.496396819135434 2.707028505526301 3.0934451587470484 3.0935248011959646
 47648512 16 32000.652 32005.327 32006.42 47.63895443476652 47.64058133197639 47.64754118134843 2.9774346521729074 2.9775363332485245 2.977971323834277
 52413344 16 36005.901 36008.648 44017.808 38.103374161657484 46.57844993236069 46.58200354436347 2.3814608851035928 2.911153120772543 2.9113752215227167
 57654656 16 40003.152 40005.509 40006.057 46.1167415724074 46.117373284764355 46.120090536865696 2.8822963482754624 2.882335830297772 2.882505658554106
 63420096 16 40004.65 44004.302 44007.897 46.11542951029902 46.1191969821496 50.730179416642805 2.882214344393689 2.88244981138435 3.1706362135401753
 69762080 8 24009.675 28006.468 28013.326 39.84508230118766 39.85483924641979 46.48931232930059 2.4903176438242287 2.490927452901237 2.905582020581287
 76738272 8 28004.882 28006.184 32005.021 38.36311658723798 43.84075859817246 43.84279683806559 2.397694786702374 2.7400474123857785 2.7401748023790993
 84412096 8 32004.302 32004.812 32005.831 42.1983586678315 42.1997022197787 42.200374687128004 2.6373974167394687 2.6374813887361688 2.6375234179455003
 92853280 8 32007.587 36003.604 36004.04 41.263493763477655 41.26399346021026 46.41563514300532 2.5789683602173534 2.578999591263141 2.9009771964378324
 102138592 8 40004.333 40005.389 40008.201 40.847062131086574 40.849933292737134 40.8510116141669 2.552941383192911 2.553120830796071 2.5531882258854313
 112352448 8 40003.584 44005.174 44005.777 40.85007220756493 40.850631973412945 44.93695284902472 2.553129512972808 2.553164498338309 2.808559553064045
 123587680 8 44014.601 48004.503 48006.954 41.18992594281237 41.1920290061122 44.92606623879199 2.5743703714257733 2.5745018128820125 2.8078791399244993
 135946432 4 31999.207 32003.987 32005.446 33.98082488836431 33.98237400858837 33.98745025150154 2.1238015555227694 2.1238983755367733 2.1242156407188464
 149541056 4 32008.413 36004.998 36010.364 33.221781595987196 33.22673279970742 37.375437763815405 2.0763613497491997 2.0766707999817138 2.335964860238463
 164495136 4 36006.255 36011.25 40010.029 32.89078065901926 36.54305496199104 36.54812443004695 2.055673791188704 2.28394093512444 2.284257776877934
 180944640 4 40004.03 40005.678 44007.815 32.893183176669865 36.183791710766656 36.185282332804974 2.0558239485418666 2.261486981922916 2.261580145800311
 199039104 4 44004.616 44008.333 44012.365 36.178760945929625 36.18207560827174 36.18513185071311 2.2611725591206016 2.2613797255169836 2.2615707406695695
 218943008 4 48005.72 52012.655 56010.629 31.271637103021998 33.67534427919513 36.486153400053155 1.9544773189388749 2.1047090174496956 2.280384587503322
 240837280 4 56013.046 56017.803 56023.302 34.391015367141335 34.39439136875825 34.39731236897918 2.1494384604463335 2.1496494605473906 2.1498320230611987
 264920992 4 60018.066 60024.391 64018.206 33.10570646106516 35.30844546177903 35.312166440018245 2.0691066538165725 2.2067778413611894 2.2070104025011403
 291413088 2 44003.876 44008.447 48005.147 24.281820280646155 26.48701400437966 26.48976540157508 1.5176137675403847 1.6554383752737287 1.6556103375984426
 320554368 2 48004.375 48008.327 48011.687 26.706361557343318 26.70823067839877 26.71042945564857 1.6691475973339573 1.6692644173999232 1.6694018409780356
 352609792 2 52006.494 56000.861 56008.162 25.18274332944545 25.186026479128596 27.120443227724596 1.5739214580903407 1.5741266549455373 1.6950277017327873
 387870752 2 56007.111 60001.764 60005.372 25.8557351831766 25.85728992900942 27.70153611386954 1.6159834489485374 1.6160806205630887 1.7313460071168463
 426657824 2 67998.182 68007.199 71389.431 23.905937785104353 25.094862324795944 25.09819006631677 1.494121111569022 1.5684288952997465 1.5686368791447982
 469323584 2 72005.16 72007.573 72023.206 26.065131507753208 26.07079030423647 26.07166397519289 1.6290707192345755 1.6294243940147795 1.6294789984495557
 516255936 2 76003.211 80007.733 80033.691 25.801930639435334 25.81030191169146 27.17021711095864 1.6126206649647084 1.6131438694807163 1.698138569434915
 567881504 1 40009.701 44005.522 44012.863 25.805251705620698 25.809556537018242 28.38719059660056 1.6128282316012936 1.6130972835636401 1.774199412287535
 624669632 1 44003.689 44008.165 48001.127 26.027290234248046 28.388806122682006 28.391693796399665 1.6267056396405029 1.7743003826676254 1.774480862274979
 687136576 1 52001.033 52004.978 52018.825 26.418765744901005 26.425800083984267 26.427804847646005 1.6511728590563128 1.6516125052490167 1.6517378029778753
 755850208 1 56005.451 56008.643 56011.604 26.989057767386917 26.99048459360103 26.992022901485072 1.6868161104616823 1.6869052871000643 1.687001431342817
 831435200 1 64005.347 64010.701 64023.5 25.972813107687024 25.978006396149294 25.98017943719608 1.623300819230439 1.6236253997593308 1.623761214824755
 914578720 1 68004.513 68020.231 72006.804 25.402563902155688 26.89137353855796 26.89758898795437 1.5876602438847305 1.6807108461598725 1.6810993117471482
 1006036576 1 63740.366 64100.108 65988.18 30.491417584179477 31.389543867851206 31.56670220563214 1.9057135990112173 1.9618464917407004 1.9729188878520088
 
META_DATA
 FLOPS          1
 MPI_PROCS      2
 OPENMP_THREADS 2
 ERT_VERSION  1.1.0
 HOSTNAME  ('34df40d557e7', [], ['172.17.0.2'])
 UNAME  uname_result(system='Linux', node='34df40d557e7', release='5.4.0-52-generic', version='#57-Ubuntu SMP Thu Oct 15 10:57:00 UTC 2020', machine='x86_64', processor='x86_64')
 TIMESTAMP_DATA  1603825752.1370964
 CONFIG  {'ERT_RESULTS': ['Results.Quick'], 'ERT_DRIVER': ['driver1'], 'ERT_KERNEL': ['kernel1'], 'ERT_MPI': ['True'], 'ERT_MPI_CFLAGS': [], 'ERT_MPI_LDFLAGS': [], 'ERT_OPENMP': ['True'], 'ERT_OPENMP_CFLAGS': ['-fopenmp'], 'ERT_OPENMP_LDFLAGS': ['-fopenmp'], 'ERT_FLOPS': ['1'], 'ERT_ALIGN': ['64'], 'ERT_CC': ['mpiCC'], 'ERT_CFLAGS': ['-O3', '-march=native', '-fstrict-aliasing', '-ftree-vectorize'], 'ERT_LD': ['mpiCC'], 'ERT_LDFLAGS': [], 'ERT_LDLIBS': [], 'ERT_RUN': ['export', 'OMP_NUM_THREADS=ERT_OPENMP_THREADS;', 'mpirun', '-np', 'ERT_MPI_PROCS', 'ERT_CODE'], 'ERT_PROCS_THREADS': ['1-4'], 'ERT_MPI_PROCS': ['2'], 'ERT_OPENMP_THREADS': ['2'], 'ERT_NUM_EXPERIMENTS': ['3'], 'ERT_MEMORY_MAX': ['1073741824'], 'ERT_WORKING_SET_MIN': ['1'], 'ERT_TRIALS_MIN': ['1'], 'ERT_GNUPLOT': ['gnuplot'], 'ERT_GPU': [False], 'ERT_HIP': [False], 'ERT_PRECISION': ['FP64'], 'ERT_OCL': [False], 'ERT_WSS_MULT': [1.1]}
 TIMESTAMP_DATA  1603825772.3503387
 TIMESTAMP_DATA  1603825792.6463795
 